55_Cnc_e          	0.027	0.1737	4.82	2349
pi_Men            	0.0152	0.191	2.23	1170
CoRoT-01          	1.03	1.551	0.259	1915
CoRoT-02          	3.57	1.46	1.073	1521
CoRoT-03          	21.96	1.037	18.4	1695
CoRoT-04          	0.731	1.16	0.438	1058
CoRoT-05          	0.459	1.256	0.217	1397
CoRoT-06          	2.96	1.185	1.66	1025
CoRoT-07          	0.0181	0.1414	5.7	1756
CoRoT-08          	0.218	0.619	0.86	870
CoRoT-09          	0.84	1.066	0.65	420
CoRoT-10          	2.78	0.941	3.13	647
CoRoT-11          	2.34	1.426	0.76	1735
CoRoT-12          	0.873	1.344	0.337	1417
CoRoT-13          	1.312	1.252	0.62	1432
CoRoT-14          	7.67	1.018	6.8	1936
CoRoT-15          	64.9	1.045	53	1670
CoRoT-17          	2.46	1.007	2.26	1610
CoRoT-18          	3.3	1.146	2.06	1487
CoRoT-19          	1.09	1.19	0.6	1630
CoRoT-20          	4.14	1	3.9	1024
CoRoT-23          	3.06	1.18	1.75	1710
CoRoT-24c         	0.088	0.44	0.98	850
CoRoT-25          	0.37	1.08	0.12	1330
CoRoT-26          	0.52	1.26	0.23	1600
CoRoT-27          	10.39	1.007	9.5	1500
CoRoT-32          	0.15	0.57	0.8	938
EPIC_201498078    	0.179	0.84	0.28	1066
EPIC_211418729    	1.85	0.942	2.25	719
EPIC_211442297    	0.84	1.114	0.62	682
EPIC_211682544    	0.0466	0.215	4.3	470
EPIC_211945201    	0.085	0.55	0.49	886
EPIC_220501947    	0.336	0.947	0.394	850
EPIC_246067459    	0.86	1.3	0.42	1587
EPIC_246471491b   	0.0305	0.231	2.31	1089
EPIC_246471491c   	0.0493	0.315	1.47	741
EPIC_246911830    	1.42	1.552	0.38	1957
EPIC_249624646c   	0.774	1.006	0.76	676
GJ_0436           	0.0799	0.366	1.55	669
GJ_1132           	0.0052	0.1008	4.7	529
GJ_1214           	0.0197	0.254	1.12	547
GJ_3470           	0.0432	0.346	0.89	604
HAT-P-01          	0.525	1.319	0.213	1322
HAT-P-02          	8.74	1.19	5.1	1516
HAT-P-03          	0.595	0.911	0.735	1170
HAT-P-04          	0.68	1.337	0.266	1691
HAT-P-05          	1.06	1.252	0.504	1517
HAT-P-06          	1.063	1.395	0.366	1704
HAT-P-07          	1.87	1.526	0.5	2194
HAT-P-08          	1.275	1.321	0.371	1713
HAT-P-09          	0.778	1.38	0.275	1540
HAT-P-11          	0.0873	0.389	1.26	838
HAT-P-12          	0.201	0.919	0.242	955
HAT-P-13          	0.906	1.487	0.257	1725
HAT-P-14          	2.271	1.219	1.17	1624
HAT-P-15          	1.946	1.072	1.48	904
HAT-P-16          	4.193	1.19	2.33	1567
HAT-P-17          	0.534	1.01	0.52	792
HAT-P-18          	0.196	0.947	0.216	841
HAT-P-19          	0.292	1.132	0.2	1010
HAT-P-20          	7.22	1.025	6.26	964
HAT-P-21          	4.063	1.024	3.77	1283
HAT-P-22          	2.192	1.06	1.72	1293
HAT-P-23          	2.07	1.224	1.057	1951
HAT-P-24          	0.681	1.243	0.354	1624
HAT-P-25          	0.569	1.135	0.364	1182
HAT-P-26          	0.059	0.565	0.32	1001
HAT-P-27          	0.66	1.038	0.59	1207
HAT-P-28          	0.626	1.212	0.35	1384
HAT-P-29          	0.767	1.064	0.6	1271
HAT-P-30          	0.711	1.34	0.28	1630
HAT-P-31          	2.171	1.07	1.64	1450
HAT-P-32          	0.8	1.807	0.126	1801
HAT-P-33          	0.762	1.686	0.15	1782
HAT-P-34          	3.328	1.197	1.81	1520
HAT-P-35          	1.054	1.332	0.41	1581
HAT-P-36          	1.852	1.304	0.737	1788
HAT-P-37          	1.169	1.178	0.67	1271
HAT-P-38          	0.267	0.825	0.44	1082
HAT-P-39          	0.599	1.571	0.14	1752
HAT-P-40          	0.615	1.73	0.11	1770
HAT-P-41          	0.8	1.685	0.15	1941
HAT-P-42          	1.044	1.28	0.46	1428
HAT-P-43          	0.662	1.281	0.29	1361
HAT-P-44          	0.352	1.242	0.17	1108
HAT-P-45          	0.892	1.426	0.29	1652
HAT-P-46          	0.493	1.284	0.21	1458
HAT-P-47          	0.206	1.313	0.083	1605
HAT-P-48          	0.168	1.131	0.106	1361
HAT-P-49          	1.73	1.413	0.57	2131
HAT-P-50          	1.35	1.288	0.59	1862
HAT-P-51          	0.309	1.293	0.134	1192
HAT-P-52          	0.818	1.009	0.74	1218
HAT-P-53          	1.484	1.318	0.6	1778
HAT-P-54          	0.76	0.944	0.842	818
HAT-P-55          	0.582	1.182	0.328	1313
HAT-P-56          	2.18	1.466	0.65	1840
HAT-P-65          	0.527	1.89	0.072	1930
HAT-P-66          	0.783	1.59	0.182	1896
HATS-01           	1.855	1.302	0.78	1359
HATS-02           	1.345	1.168	0.79	1577
HATS-03           	1.071	1.381	0.38	1648
HATS-04           	1.323	1.02	1.17	1315
HATS-05           	0.237	0.912	0.29	1025
HATS-06           	0.319	0.998	0.301	713
HATS-07           	0.12	0.563	0.63	1084
HATS-08           	0.138	0.873	0.195	1324
HATS-09           	0.816	1.1724	0.472	1823
HATS-10           	0.526	0.969	0.53	1407
HATS-11           	0.83	1.487	0.237	1637
HATS-12           	2.39	1.384	0.84	2097
HATS-13           	0.543	1.212	0.284	1244
HATS-14           	1.071	1.039	0.898	1276
HATS-15           	2.17	1.105	1.49	1505
HATS-16           	3.27	1.3	1.4	1592
HATS-17           	1.338	0.777	2.64	814
HATS-18           	1.98	1.337	0.77	2060
HATS-19           	0.427	1.66	0.087	1570
HATS-20           	0.273	0.776	0.55	1147
HATS-21           	0.332	1.123	0.219	1284
HATS-22           	2.74	0.953	2.93	858
HATS-23           	1.47	1.86	0.22	1654
HATS-24           	2.44	1.487	0.69	2067
HATS-25           	0.613	1.26	0.29	1277
HATS-26           	0.65	1.75	0.115	1918
HATS-27           	0.53	1.5	0.136	1659
HATS-28           	0.672	1.194	0.36	1253
HATS-29           	0.653	1.251	0.309	1212
HATS-30           	0.706	1.175	0.409	1414
HATS-31           	0.88	1.64	0.183	1823
HATS-32           	0.92	1.249	0.44	1437
HATS-33           	1.192	1.23	0.6	1429
HATS-34           	0.941	1.43	0.3	1445
HATS-35           	1.222	1.464	0.365	2037
HATS-36           	3.216	1.235	1.6	1356
HATS-39           	0.63	1.57	0.152	1645
HATS-40           	1.59	1.58	0.37	2101
HATS-41           	9.7	1.33	3.8	1710
HATS-42           	1.88	1.4	0.63	1856
HATS-43           	0.261	1.18	0.143	1003
HATS-44           	0.56	1.067	0.42	1161
HATS-45           	0.7	1.286	0.31	1518
HATS-46           	0.173	0.903	0.21	1054
HATS-50           	0.39	1.13	0.25	1348
HATS-51           	0.768	1.41	0.26	1553
HATS-52           	2.24	1.382	0.8	1834
HATS-53           	0.595	1.34	0.23	1312
HATS-54           	0.76	1.067	0.58	1625
HATS-55           	0.921	1.251	0.443	1367
HATS-56           	0.602	1.688	0.117	1902
HATS-57           	3.147	1.139	1.998	1413
HATS-58           	1.03	1.095	0.724	1721
HATS-59           	0.806	1.126	0.53	1128
HATS-60           	0.65	1.194	0.356	1529
HATS-61           	3.4	1.201	1.83	1227
HATS-63           	0.96	1.207	0.505	1398
HATS-64           	0.93	1.674	0.184	1797
HATS-65           	0.793	1.479	0.229	1623
HATS-66           	5.5	1.5	1.54	1999
HATS-67           	1.477	1.694	0.281	2196
HATS-68           	1.286	1.284	0.572	1750
HATS-70           	12.9	1.384	5	2730
HATS-71           	0.45	1.08	0.33	568
HD_001397         	0.419	1.023	0.367	1228
HD_015337b        	0.024	0.1414	7.9	989
HD_015337c        	0.0232	0.206	2.5	644
HD_017156         	3.262	1.065	2.52	883
HD_021749         	0.073	0.253	4.3	423
HD_080606         	4.114	1.003	3.82	405
HD_097658         	0.0238	0.2005	2.94	757
HD_106315b        	0.04	0.218	3.5	1153
HD_106315c        	0.048	0.388	0.76	886
HD_119130         	0.077	0.235	5.6	795
HD_149026         	0.368	0.813	0.68	1634
HD_189733         	1.15	1.151	0.75	1191
HD_202772         	1.008	1.562	0.249	2132
HD_209458         	0.714	1.38	0.272	1459
HD_213885         	0.0278	0.1557	6.9	1265
HD_219134b        	0.0149	0.1429	4.76	1015
HD_219134c        	0.0137	0.1348	5.22	782
HD_219666         	0.0522	0.42	0.656	1073
K2-002            	0.037	0.226	3.14	690
K2-018b           	0.0271	0.242	1.8	265
K2-024b           	0.057	0.482	0.482	767
K2-024c           	0.0484	0.669	0.151	606
K2-027b           	0.097	0.4	1.41	902
K2-029            	0.73	1.19	0.43	1171
K2-030            	0.625	1.197	0.363	1152
K2-032b           	0.0519	0.458	0.56	817
K2-032d           	0.032	0.306	1.04	537
K2-034            	1.649	1.217	0.92	1670
K2-036b           	0.0123	0.128	5.4	1224
K2-036c           	0.0245	0.285	1	788
K2-039            	0.125	0.509	0.88	1670
K2-055            	0.138	0.395	2.1	900
K2-056            	0.051	0.199	5.9	546
K2-060            	0.426	0.683	1.3	1400
K2-066            	0.067	0.222	5.9	1372
K2-096b           	0.0158	0.152	4.2	1759
K2-096c           	0.0308	0.269	1.49	548
K2-098            	0.101	0.38	1.62	1102
K2-106b           	0.0242	0.136	9	2242
K2-106c           	0.0214	0.231	1.8	771
K2-107            	0.84	1.44	0.26	1780
K2-108            	0.187	0.471	1.67	1446
K2-110            	0.0525	0.231	3.9	640
K2-111            	0.027	0.17	5	1309
K2-113            	1.29	0.93	1.48	1178
K2-135b           	0.0154	0.1407	5.22	1114
K2-135c           	0.0026	0.1107	1.8	771
K2-135d           	0.0127	0.1804	2.02	646
K2-139            	0.387	0.808	0.69	565
K2-140            	1.019	1.095	0.726	1114
K2-141b           	0.016	0.135	6.2	2039
K2-180            	0.036	0.2	4.2	729
K2-216            	0.023	0.16	5.7	1103
K2-229b           	0.0081	0.1038	6.7	1960
K2-232            	0.408	1.08	0.302	999
K2-234            	0.112	0.612	0.459	1053
K2-237            	1.231	1.57	0.318	1817
KELT-01           	27.38	1.116	18.5	2423
KELT-03           	1.477	1.345	0.57	1811
KELT-04           	0.902	1.699	0.172	1823
KELT-06           	0.43	1.193	0.234	1313
KELT-07           	1.28	1.533	0.333	2048
KELT-08           	0.867	1.86	0.126	1675
KELT-09           	2.88	1.891	0.4	4050
KELT-10           	0.679	1.399	0.232	1377
KELT-11           	0.171	1.35	0.07	1712
KELT-15           	1.196	1.52	0.317	1904
KELT-16           	2.75	1.415	0.9	2453
KELT-17           	1.31	1.525	0.35	2087
KELT-18           	1.18	1.57	0.284	2085
KELT-23           	0.938	1.322	0.38	1561
Kepler-004        	0.075	0.368	1.41	1620
Kepler-005        	2.034	1.209	1.077	1692
Kepler-006        	0.633	1.169	0.37	1451
Kepler-007        	0.453	1.649	0.094	1619
Kepler-008        	0.59	1.381	0.21	1662
Kepler-010b       	0.0117	0.1311	4.87	2169
Kepler-010c       	0.0232	0.2097	2.37	584
Kepler-012        	0.43	1.706	0.081	1485
Kepler-014        	7.68	1.126	5.04	1605
Kepler-015        	0.696	1.289	0.304	1251
Kepler-016        	0.333	0.7538	0.727	185
Kepler-017        	2.34	1.31	0.974	1712
Kepler-020b       	0.0305	0.1667	6.2	1105
Kepler-020c       	0.0401	0.2718	1.9	772
Kepler-020d       	0.032	0.2448	2	401
Kepler-021        	0.016	0.1462	4.8	2025
Kepler-022        	0.022	0.214	1.8	262
Kepler-036b       	0.0136	0.1329	5.62	978
Kepler-036c       	0.0247	0.3283	0.67	928
Kepler-039        	19.1	1.11	13.1	853
Kepler-040        	2.16	1.44	0.67	1744
Kepler-041        	0.56	1.29	0.25	1790
Kepler-043        	3.09	1.115	2.09	1603
Kepler-044        	1	1.09	0.7	1544
Kepler-045        	0.5	0.999	0.469	787
Kepler-046b       	0.885	0.81	1.56	543
Kepler-051b       	0.0066	0.633	0.02	543
Kepler-051c       	0.0126	0.8	0.035	439
Kepler-051d       	0.0239	0.865	0.02	381
Kepler-068b       	0.019	0.2061	2.5	1280
Kepler-074        	0.63	0.96	0.66	1078
Kepler-075        	10.1	1.05	8.3	767
Kepler-077        	0.43	0.96	0.455	1440
Kepler-080b       	0.0218	0.238	1.04	546
Kepler-080c       	0.0212	0.244	0.92	494
Kepler-087b       	1.02	1.203	0.55	478
Kepler-087c       	0.0201	0.548	0.115	403
Kepler-089b       	0.033	0.153	7.6	1486
Kepler-089c       	0.049	0.385	0.69	1012
Kepler-089d       	0.333	1.005	0.274	806
Kepler-089e       	0.11	0.585	0.45	584
Kepler-093b       	0.0126	0.1319	5.19	1037
Kepler-101b       	0.161	0.515	1.09	1513
Kepler-107b       	0.011	0.137	4	1593
Kepler-107c       	0.0295	0.1425	9.5	1379
Kepler-107e       	0.027	0.2589	1.51	955
Kepler-117b       	0.094	0.719	0.23	984
Kepler-117c       	1.84	1.101	1.31	704
Kepler-411b       	0.081	0.214	7.71	1138
Kepler-411c       	0.083	0.394	1.18	838
Kepler-411d       	0.048	0.296	1.74	410
Kepler-420        	1.45	0.94	1.6	511
Kepler-423        	0.595	1.192	0.346	1605
Kepler-425        	0.25	0.978	0.2	1070
Kepler-426        	0.34	1.09	0.2	1300
Kepler-427        	0.29	1.23	0.12	1100
Kepler-428        	1.27	1.08	0.77	1070
Kepler-432        	5.41	1.145	3.36	942
Kepler-433        	2.82	1.45	0.85	1776
Kepler-434        	2.86	1.13	1.8	1000
Kepler-435        	0.84	1.99	0.099	1729
Kepler-503        	78.6	0.96	81	1296
Kepler-539        	0.97	0.747	2.18	388
Kepler-1656       	0.153	0.448	1.61	651
KOI-205           	40.8	0.82	68.5	737
KOI-3680          	1.93	0.99	1.85	347
KPS-1             	1.09	1.03	0.99	1459
LHS_1140b         	0.022	0.1541	5.65	235
LHS_1140c         	0.0057	0.1144	3.54	438
LHS_6343          	62.1	0.783	130	358
MASCARA-1         	3.7	1.5	1.1	2570
NGTS-1            	0.812	1.33	0.32	790
NGTS-2            	0.67	1.536	0.183	1638
OGLE-TR-010       	0.68	1.72	0.13	1702
OGLE-TR-056       	1.41	1.734	0.253	2482
OGLE-TR-111       	0.55	1.011	0.49	1019
OGLE-TR-113       	1.23	1.088	0.89	1342
OGLE-TR-132       	1.17	1.229	0.59	1991
OGLE-TR-182       	1.06	1.47	0.33	1550
OGLE-TR-211       	0.75	1.262	0.37	1686
OGLE-TR-L9        	4.4	1.633	0.94	2034
Qatar-1           	1.294	1.143	0.811	1418
Qatar-2           	2.466	1.115	1.776	1285
Qatar-3           	4.31	1.096	3	1681
Qatar-4           	6.1	1.135	3.8	1385
Qatar-5           	4.32	1.107	2.98	1415
Qatar-6           	0.668	1.062	0.51	1006
Qatar-7           	1.88	1.7	0.378	2053
Qatar-8           	0.371	1.285	0.163	1457
Qatar-9           	1.19	1.009	1.08	1134
Qatar-10          	0.736	1.543	0.187	1955
TOI-150           	1.72	1.38	0.62	1422
TOI-172           	5.41	0.965	5.66	1198
TOI-216b          	0.082	0.73	0.18	630
TOI-216c          	0.59	1.005	0.54	497
TRAPPIST-1b       	0.0032	0.1	3.99	391.8
TRAPPIST-1c       	0.0036	0.0977	4.85	334.8
TRAPPIST-1d       	0.0009	0.0699	3.38	282.1
TRAPPIST-1e       	0.0024	0.0812	5.63	246.1
TRAPPIST-1f       	0.0029	0.0933	4.48	214.5
TRAPPIST-1g       	0.0036	0.1024	4.17	194.5
TRAPPIST-1h       	0.001	0.069	3.95	169.2
TrES-1            	0.761	1.099	0.57	1147
TrES-2            	1.206	1.193	0.665	1466
TrES-3            	1.899	1.31	0.79	1638
TrES-4            	0.494	1.838	0.075	1795
TrES-5            	1.79	1.194	0.983	1480
WASP-001          	0.854	1.483	0.262	1830
WASP-002          	0.88	1.063	0.685	1286
WASP-003          	1.77	1.346	0.73	2020
WASP-004          	1.249	1.364	0.46	1673
WASP-005          	1.595	1.175	0.92	1753
WASP-006          	0.485	1.23	0.244	1184
WASP-007          	0.98	1.374	0.353	1530
WASP-010          	3.14	1.039	2.81	972
WASP-011          	0.492	0.99	0.475	992
WASP-012          	1.47	1.9	0.201	2580
WASP-013          	0.512	1.528	0.134	1531
WASP-014          	7.59	1.24	3.73	1872
WASP-015          	0.592	1.408	0.198	1676
WASP-016          	0.832	1.218	0.431	1389
WASP-017          	0.477	1.932	0.0618	1755
WASP-018          	10.52	1.204	5.64	2411
WASP-019          	1.139	1.41	0.38	2077
WASP-020          	0.378	1.28	0.17	1282
WASP-021          	0.276	1.162	0.165	1333
WASP-022          	0.617	1.199	0.334	1502
WASP-023          	0.917	1.067	0.691	1152
WASP-024          	1.109	1.303	0.469	1772
WASP-025          	0.598	1.247	0.288	1210
WASP-026          	1.02	1.216	0.53	1650
WASP-028          	0.889	1.219	0.491	1456
WASP-029          	0.244	0.776	0.53	970
WASP-030          	62.5	0.951	86.8	1474
WASP-031          	0.478	1.549	0.129	1575
WASP-032          	3.6	1.18	2.2	1560
WASP-033          	2.16	1.679	0.48	2710
WASP-034          	0.59	1.22	0.34	1250
WASP-035          	0.72	1.32	0.32	1450
WASP-036          	2.361	1.327	0.945	1733
WASP-037          	1.8	1.16	1.15	1323
WASP-038          	2.691	1.094	2.06	1292
WASP-039          	0.281	1.279	0.126	1166
WASP-041          	0.977	1.178	0.558	1242
WASP-042          	0.527	1.122	0.349	1021
WASP-043          	2.034	1.036	1.826	1440
WASP-044          	0.869	1.002	0.808	1304
WASP-045          	1.002	0.992	0.959	1170
WASP-046          	1.91	1.174	1.103	1636
WASP-047b         	1.142	1.123	0.749	1220
WASP-048          	0.907	1.396	0.312	1956
WASP-049          	0.396	1.198	0.229	1399
WASP-050          	1.437	1.138	0.911	1410
WASP-052          	0.434	1.253	0.206	1315
WASP-053          	2.132	1.074	1.72	1053
WASP-054          	0.636	1.653	0.141	1759
WASP-055          	0.627	1.335	0.247	1300
WASP-056          	0.571	1.092	0.438	1216
WASP-057          	0.644	1.05	0.521	1338
WASP-058          	0.89	1.37	0.34	1270
WASP-059          	0.863	0.775	1.8	670
WASP-060          	0.56	1.225	0.285	1479
WASP-061          	2.06	1.22	1.17	1624
WASP-062          	0.57	1.39	0.21	1440
WASP-063          	0.38	1.43	0.13	1540
WASP-064          	1.271	1.271	0.619	1689
WASP-065          	1.55	1.112	1.13	1480
WASP-066          	2.32	1.39	0.86	1790
WASP-067          	0.406	1.091	0.292	1003
WASP-068          	0.95	1.24	0.5	1490
WASP-069          	0.26	1.057	0.219	963
WASP-070          	0.59	1.164	0.375	1387
WASP-071          	2.242	1.46	0.71	2049
WASP-072          	1.461	1.27	0.72	2210
WASP-073          	1.88	1.16	1.2	1790
WASP-074          	0.826	1.404	0.279	1926
WASP-075          	1.08	1.31	0.48	1688
WASP-078          	0.86	2.06	0.099	2470
WASP-079          	0.86	1.53	0.24	1716
WASP-080          	0.562	0.986	0.549	825
WASP-081          	0.729	1.429	0.25	1623
WASP-082          	1.248	1.712	0.249	2202
WASP-083          	0.3	1.04	0.26	1120
WASP-084          	0.687	0.976	0.741	833
WASP-085          	1.265	1.24	0.66	1452
WASP-086          	0.821	0.632	3.24	1415
WASP-087          	2.18	1.385	0.823	2322
WASP-088          	0.56	1.7	0.11	1772
WASP-089          	5.9	1.04	5.27	1120
WASP-090          	0.63	1.63	0.145	1840
WASP-091          	1.34	1.03	1.2	1160
WASP-092          	0.805	1.461	0.26	1871
WASP-093          	1.47	1.597	0.36	1942
WASP-094          	0.452	1.72	0.089	1604
WASP-095          	1.13	1.21	0.85	1570
WASP-096          	0.48	1.2	0.28	1285
WASP-097          	1.32	1.13	0.91	1555
WASP-098          	0.922	1.144	0.576	1171
WASP-099          	2.78	1.1	2.1	1480
WASP-100          	2.03	1.69	0.4	2190
WASP-101          	0.5	1.41	0.18	1560
WASP-102          	0.624	1.259	0.311	1705
WASP-103          	1.47	1.646	0.309	2489
WASP-104          	1.311	1.106	0.969	1507
WASP-105          	1.8	0.96	2	900
WASP-106          	1.925	1.085	1.5	1140
WASP-107          	0.119	0.924	0.152	736
WASP-108          	0.892	1.284	0.422	1590
WASP-109          	0.91	1.443	0.303	1685
WASP-110          	0.51	1.238	0.268	1134
WASP-111          	1.83	1.443	0.61	2140
WASP-112          	0.88	1.191	0.521	1395
WASP-113          	0.475	1.409	0.172	1496
WASP-114          	1.769	1.339	0.73	2043
WASP-117          	0.2755	1.021	0.259	1024
WASP-118          	0.52	1.394	0.193	1753
WASP-119          	1.23	1.4	0.5	1600
WASP-120          	4.85	1.473	1.51	1880
WASP-121          	1.183	1.865	0.183	2358
WASP-122          	1.284	1.743	0.243	1970
WASP-123          	0.899	1.318	0.393	1520
WASP-124          	0.6	1.24	0.32	1400
WASP-126          	0.28	0.96	0.31	1480
WASP-127          	0.18	1.37	0.068	1400
WASP-129          	1	0.93	1.2	1100
WASP-130          	1.23	0.89	1.76	833
WASP-131          	0.27	1.22	0.15	1460
WASP-132          	0.41	0.87	0.63	763
WASP-133          	1.16	1.21	0.66	1790
WASP-134          	1.412	0.988	1.47	953
WASP-136          	1.51	1.38	0.581	1742
WASP-137          	0.681	1.27	0.333	1601
WASP-138          	1.22	1.09	0.92	1590
WASP-139          	0.117	0.8	0.23	910
WASP-140          	2.44	1.44	0.8	1320
WASP-141          	2.69	1.21	1.49	1540
WASP-142          	0.84	1.53	0.23	2000
WASP-143          	0.725	1.234	0.382	1325
WASP-144          	0.44	0.85	0.72	1260
WASP-145          	0.89	0.9	1.2	1200
WASP-146          	1.11	1.228	0.604	1486
WASP-147          	0.275	1.115	0.198	1404
WASP-151          	0.36	1.187	0.189	1312
WASP-153          	0.39	1.55	0.11	1700
WASP-156          	0.128	0.51	1	970
WASP-157          	0.574	1.065	0.48	1339
WASP-158          	2.79	1.07	2.3	1590
WASP-159          	0.55	1.38	0.21	1850
WASP-160          	0.281	1.093	0.214	1119
WASP-161          	2.49	1.143	1.66	1557
WASP-162          	5.2	1	5.2	910
WASP-163          	1.87	1.202	1.07	1638
WASP-164          	2.13	1.128	1.48	1610
WASP-165          	0.658	1.26	0.33	1624
WASP-166          	0.102	0.63	0.4	1270
WASP-168          	0.42	1.5	0.12	1340
WASP-170          	1.6	1.096	1.21	1422
WASP-172          	0.47	1.57	0.12	1740
WASP-173          	3.69	1.2	2.14	1880
WASP-177          	0.508	1.58	0.13	1142
WASP-180          	0.8	1.29	0.38	1570
WASP-181          	0.299	1.184	0.179	1186
WASP-183          	0.502	1.47	0.16	1111
WASP-189          	2.13	1.374	0.83	2641
WTS-1             	4.01	1.49	1.21	1500
WTS-2             	1.12	1.363	0.413	2000
XO-1              	0.907	1.199	0.492	1204
XO-2              	0.597	1.019	0.528	1328
XO-3              	11.83	1.248	6.08	1729
XO-4              	1.615	1.317	0.658	1641
XO-5              	1.19	1.142	0.799	1225
XO-6              	1.9	2.07	0.2	1577
